0.00000
0.00000
0.00000
0.00000
0.00000
0.00000
0.00000
0.00000
0.00000
0.00000
0.00000
0.00000
0.00000
0.00000
0.00000
0.00000
0.00000
0.00000
0.00000
0.00000
0.60018
0.22430
0.45001
1.13927
0.00000
0.00000
0.00000
0.00000
0.00000
0.00000
0.00000
0.00000
0.00000
0.00000
0.00000
0.00000
0.00000
0.00000
0.00000
0.00000
0.00000
0.00000
0.00000
0.69806
0.32671
0.55109
1.23403
0.00000
0.00000
0.00000
0.00000
0.00000
0.00000
0.00000
0.00000
0.00000
0.00000
0.00000
0.00000
0.00000
0.00000
0.00000
0.00000
0.00000
0.00000
0.78300
0.40556
0.63337
1.32654
0.00000
0.00000
0.00000
0.00000
0.00000
0.00000
0.00000
0.00000
0.00000
0.00000
0.00000
0.00000
0.00000
0.00000
0.00000
0.00000
0.00000
0.48905
0.10460
0.33334
1.04298
0.00000
0.00000
0.00000
0.00000
0.00000
0.00000
0.00000
0.00000
0.00000
0.00000
0.00000
0.00000
0.00000
0.00000
0.00000
0.00000
0.47719
0.10423
0.32867
1.02438
0.00000
0.00000
0.00000
0.00000
0.00000
0.00000
0.00000
0.00000
0.00000
0.00000
0.00000
0.00000
0.00000
0.00000
0.00000
0.47809
0.10127
0.32396
1.02052
0.00000
0.00000
0.00000
0.00000
0.00000
0.00000
0.00000
0.00000
0.00000
0.00000
0.00000
0.00000
0.00000
0.00000
0.50257
0.10838
0.34060
1.04356
0.00000
0.00000
0.00000
0.00000
0.00000
0.00000
0.00000
0.00000
0.00000
0.00000
0.00000
0.00000
0.00000
0.48095
0.10378
0.32444
1.01547
0.00000
0.00000
0.00000
0.00000
0.00000
0.00000
0.00000
0.00000
0.00000
0.00000
0.00000
0.00000
0.48040
0.10342
0.32755
1.02467
0.00000
0.00000
0.00000
0.00000
0.00000
0.00000
0.00000
0.00000
0.00000
0.00000
0.00000
0.47873
0.11441
0.33670
1.01809
0.00000
0.00000
0.00000
0.00000
0.00000
0.00000
0.00000
0.00000
0.00000
0.00000
0.48484
0.10268
0.33163
1.02959
0.00000
0.00000
0.00000
0.00000
0.00000
0.00000
0.00000
0.00000
0.00000
0.51655
0.12216
0.35202
1.06281
0.00000
0.00000
0.00000
0.00000
0.00000
0.00000
0.00000
0.00000
0.49077
0.10467
0.33336
1.04271
0.00000
0.00000
0.00000
0.00000
0.00000
0.00000
0.00000
0.47086
0.10165
0.32103
1.00885
0.00000
0.00000
0.00000
0.00000
0.00000
0.00000
0.48742
0.10431
0.32953
1.03932
0.00000
0.00000
0.00000
0.00000
0.00000
0.56923
0.19240
0.41413
1.12517
0.00000
0.00000
0.00000
0.00000
0.47815
0.10243
0.32937
1.00807
0.00000
0.00000
0.00000
0.48144
0.10179
0.32685
1.00691
0.00000
0.00000
0.48863
0.10464
0.33540
1.03920
0.00000
0.69244
0.31492
0.53936
1.24598
0.00000
0.00000
0.00000
0.00000
0.00000
0.00000
0.00000
0.00000
0.00000
0.00000
