0.00000
0.00000
0.00000
0.00000
0.00000
0.00000
0.00000
0.00000
0.00000
0.00000
0.00000
0.00000
0.00000
0.00000
0.00000
0.00000
0.00000
0.00000
0.00000
0.00000
-2.87369
4.03465
0.66581
-0.69433
0.00000
0.00000
0.00000
0.00000
0.00000
0.00000
0.00000
0.00000
0.00000
0.00000
0.00000
0.00000
0.00000
0.00000
0.00000
0.00000
0.00000
0.00000
0.00000
9.18329
3.60079
-18.16405
-3.29734
0.00000
0.00000
0.00000
0.00000
0.00000
0.00000
0.00000
0.00000
0.00000
0.00000
0.00000
0.00000
0.00000
0.00000
0.00000
0.00000
0.00000
0.00000
-7.85984
-0.95095
4.26446
0.33897
0.00000
0.00000
0.00000
0.00000
0.00000
0.00000
0.00000
0.00000
0.00000
0.00000
0.00000
0.00000
0.00000
0.00000
0.00000
0.00000
0.00000
-0.23202
0.12100
1.39088
-0.95962
0.00000
0.00000
0.00000
0.00000
0.00000
0.00000
0.00000
0.00000
0.00000
0.00000
0.00000
0.00000
0.00000
0.00000
0.00000
0.00000
-0.14754
-0.21540
1.57578
-1.03360
0.00000
0.00000
0.00000
0.00000
0.00000
0.00000
0.00000
0.00000
0.00000
0.00000
0.00000
0.00000
0.00000
0.00000
0.00000
-0.00902
-0.06934
1.03947
-0.93433
0.00000
0.00000
0.00000
0.00000
0.00000
0.00000
0.00000
0.00000
0.00000
0.00000
0.00000
0.00000
0.00000
0.00000
0.49923
0.04862
1.16053
-1.15397
0.00000
0.00000
0.00000
0.00000
0.00000
0.00000
0.00000
0.00000
0.00000
0.00000
0.00000
0.00000
0.00000
-0.07481
-0.20615
0.92327
-0.75694
0.00000
0.00000
0.00000
0.00000
0.00000
0.00000
0.00000
0.00000
0.00000
0.00000
0.00000
0.00000
-0.16934
0.05418
1.30658
-0.81534
0.00000
0.00000
0.00000
0.00000
0.00000
0.00000
0.00000
0.00000
0.00000
0.00000
0.00000
1.01910
0.31581
0.37353
-1.38618
0.00000
0.00000
0.00000
0.00000
0.00000
0.00000
0.00000
0.00000
0.00000
0.00000
-0.07519
-0.16443
1.58705
-0.81250
0.00000
0.00000
0.00000
0.00000
0.00000
0.00000
0.00000
0.00000
0.00000
1.49383
0.77851
1.12827
-1.93735
0.00000
0.00000
0.00000
0.00000
0.00000
0.00000
0.00000
0.00000
-0.00187
-0.34333
1.39986
-0.90122
0.00000
0.00000
0.00000
0.00000
0.00000
0.00000
0.00000
-0.23384
-0.22429
1.35748
-0.78357
0.00000
0.00000
0.00000
0.00000
0.00000
0.00000
0.12618
-0.26133
1.71618
-1.00959
0.00000
0.00000
0.00000
0.00000
0.00000
2.63453
5.03087
5.71482
-4.88778
0.00000
0.00000
0.00000
0.00000
0.22569
-0.32235
1.01164
-0.98587
0.00000
0.00000
0.00000
-0.53394
-0.31670
1.50860
-0.80394
0.00000
0.00000
0.07986
-0.19856
1.27177
-0.99407
0.00000
-0.41965
-4.30385
6.88439
-3.34648
0.00000
0.00000
0.00000
0.00000
0.00000
0.00000
0.00000
0.00000
0.00000
0.00000
