0.00000
0.00000
0.00000
0.00000
0.00000
0.00000
0.00000
0.00000
0.00000
0.00000
0.00000
0.00000
0.00000
0.00000
0.00000
0.00000
0.00000
0.00000
0.00000
0.00000
0.15356
0.08648
0.25042
0.43078
0.00000
0.00000
0.00000
0.00000
0.00000
0.00000
0.00000
0.00000
0.00000
0.00000
0.00000
0.00000
0.00000
0.00000
0.00000
0.00000
0.00000
0.00000
0.00000
0.07451
0.00686
0.16565
0.34876
0.00000
0.00000
0.00000
0.00000
0.00000
0.00000
0.00000
0.00000
0.00000
0.00000
0.00000
0.00000
0.00000
0.00000
0.00000
0.00000
0.00000
0.00000
0.06711
0.00000
0.16240
0.34230
0.00000
0.00000
0.00000
0.00000
0.00000
0.00000
0.00000
0.00000
0.00000
0.00000
0.00000
0.00000
0.00000
0.00000
0.00000
0.00000
0.00000
0.07492
0.00146
0.16198
0.34215
0.00000
0.00000
0.00000
0.00000
0.00000
0.00000
0.00000
0.00000
0.00000
0.00000
0.00000
0.00000
0.00000
0.00000
0.00000
0.00000
0.07321
0.00000
0.15905
0.34858
0.00000
0.00000
0.00000
0.00000
0.00000
0.00000
0.00000
0.00000
0.00000
0.00000
0.00000
0.00000
0.00000
0.00000
0.00000
0.07227
0.00012
0.16848
0.34999
0.00000
0.00000
0.00000
0.00000
0.00000
0.00000
0.00000
0.00000
0.00000
0.00000
0.00000
0.00000
0.00000
0.00000
0.07037
0.00297
0.16505
0.34253
0.00000
0.00000
0.00000
0.00000
0.00000
0.00000
0.00000
0.00000
0.00000
0.00000
0.00000
0.00000
0.00000
0.07517
0.00485
0.17001
0.35479
0.00000
0.00000
0.00000
0.00000
0.00000
0.00000
0.00000
0.00000
0.00000
0.00000
0.00000
0.00000
0.07232
0.00284
0.16457
0.35116
0.00000
0.00000
0.00000
0.00000
0.00000
0.00000
0.00000
0.00000
0.00000
0.00000
0.00000
0.07298
0.00633
0.16890
0.34350
0.00000
0.00000
0.00000
0.00000
0.00000
0.00000
0.00000
0.00000
0.00000
0.00000
0.07015
0.00082
0.16168
0.33816
0.00000
0.00000
0.00000
0.00000
0.00000
0.00000
0.00000
0.00000
0.00000
0.06969
0.00003
0.16447
0.34436
0.00000
0.00000
0.00000
0.00000
0.00000
0.00000
0.00000
0.00000
0.07570
0.00312
0.16674
0.35210
0.00000
0.00000
0.00000
0.00000
0.00000
0.00000
0.00000
0.06620
0.00000
0.16115
0.33587
0.00000
0.00000
0.00000
0.00000
0.00000
0.00000
0.08202
0.01358
0.17567
0.35690
0.00000
0.00000
0.00000
0.00000
0.00000
0.10981
0.03804
0.19962
0.38814
0.00000
0.00000
0.00000
0.00000
0.08237
0.01341
0.17378
0.35680
0.00000
0.00000
0.00000
0.08795
0.01875
0.17689
0.36190
0.00000
0.00000
0.15992
0.08684
0.25207
0.43653
0.00000
0.07424
0.00014
0.16201
0.34732
0.00000
0.00000
0.00000
0.00000
0.00000
0.00000
0.00000
0.00000
0.00000
0.00000
